=== First Detected DTMF Block Info ===

Seg (Used for plotting original block signal): [-1.14044325e-03  7.59481809e-04 -3.35705408e-03 -2.26316053e-03
 -3.51758475e-03 -2.67316598e-03 -3.26800124e-03 -3.64868331e-03
 -3.46903304e-03  6.88547490e-03 -2.88937019e-03 -2.98200140e-03
 -3.26229783e-03 -2.17658525e-03 -2.78414797e-03  4.27989697e-03
  1.45751739e-03  1.67100726e-03  4.92449140e-03 -2.14180035e-03
 -2.13208200e-03 -2.93838616e-03 -2.59112671e-03 -2.23600503e-03
 -2.65061727e-03 -1.86987884e-03 -2.71329248e-03 -1.41315546e-03
 -2.60142062e-03 -3.03658766e-04  4.26563563e-03 -4.21938451e-03
  6.06526046e-04 -9.04886162e-04 -2.45104415e-03  4.22134832e-05
  6.27673174e-03  3.44721170e-03  3.45229021e-03  3.41395511e-03
  5.89284988e-03  4.77381552e-03  3.52092775e-03 -3.58038639e-03
  5.17505443e-03 -3.85486695e-03 -1.78731849e-03  5.99415170e-03
 -5.02541771e-04  2.55895535e-03 -3.20599524e-04 -4.00163244e-03
 -2.68920010e-03 -2.84309137e-03 -3.58972756e-03 -1.55536003e-03
 -7.24821127e-03 -4.79506386e-03 -2.21448682e-03  3.73078080e-03
 -1.35054730e-03 -2.89237510e-03 -1.32273288e-03 -4.16481366e-03
 -1.96800019e-03  5.46947902e-03  1.55764016e-03  5.48271219e-03
 -1.63491459e-04  4.84502299e-04  5.99553099e-03  1.08591637e-04
  1.56288816e-03  1.52982235e-02  3.37042416e-03  4.41941096e-03
  2.44939456e-03  2.00323424e-03  6.12660812e-03  4.35880607e-03
  2.80538703e-03  1.18337352e-02 -3.47691017e-03  4.14494461e-03
 -3.78863711e-03 -3.01858654e-03 -2.74796003e-03 -5.33115071e-03
  5.33578115e-03  9.84000398e-04  3.44213879e-03 -4.75999817e-03
  2.27484888e-03  7.94906670e-03 -4.93256200e-03  4.26635182e-03
 -6.57630263e-04  6.46823028e-03 -3.78104869e-03 -3.00033593e-04
  1.22611750e-02 -4.94614819e-04 -2.43056437e-03 -3.72277165e-03
  1.60461607e-03  9.93172487e-03  2.99317612e-03  4.05651087e-03
  2.56074535e-03  1.10427443e-02  3.73087673e-03  2.91296410e-03
  3.42988072e-03  1.18209556e-02  6.15214126e-03  1.01439504e-03
 -3.25745774e-03 -3.50036949e-03 -3.05307342e-03  3.74274219e-04
 -1.63018621e-03 -1.06808144e-02 -4.16619016e-03  5.74125292e-03
 -3.14200587e-03  1.67182124e-03  4.33983224e-03  2.66923698e-03
 -3.05231672e-03 -2.34465917e-03  5.76646196e-03 -3.41772113e-03
  2.65575608e-03  2.17293745e-04 -4.73487062e-03 -2.41301872e-03
 -3.89182509e-03 -1.10010527e-02  5.10022639e-03 -3.77742445e-03
  8.78321415e-03 -8.07365978e-04 -3.94463154e-03 -3.02997708e-03
 -1.49167619e-03  4.51736933e-03 -4.80801134e-03 -1.75428867e-03
 -5.36955718e-03  5.02712915e-04  1.71411818e-03 -7.33112182e-03
  2.84066739e-03  1.55104919e-03 -4.75218321e-03 -2.71977728e-03
 -2.94666795e-03 -4.34784998e-03  3.64774129e-03 -2.91153427e-03
 -2.82015662e-03 -3.24547907e-03 -2.30798090e-03 -5.12967456e-03
  2.61607150e-03 -9.45236643e-04  7.13969710e-03  5.55552898e-04
 -2.91586771e-03  5.86473605e-03 -6.27047894e-03 -2.46102141e-03
 -4.43853635e-03 -3.19693109e-03 -3.76377336e-03 -3.96504381e-03
 -2.89358303e-03 -5.69122528e-03  3.79004831e-03 -2.58095387e-03
 -5.25211437e-03 -1.09573418e-03  3.31983937e-03 -5.61621179e-03
 -2.72950308e-03  2.73758302e-03  4.54077626e-03  5.82617557e-03
 -4.85115998e-03  5.45114780e-03 -2.25334951e-03  1.44533383e-03
  3.35603709e-03 -4.99846634e-03 -1.94263469e-03  3.89518904e-03
  3.32532207e-03  3.84502055e-03  2.78589910e-03  4.63191828e-03
  4.37826233e-03  1.58949232e-03  5.32587560e-03  4.66338208e-03
 -3.84281005e-03  3.65673879e-03  5.75964095e-03 -3.39877104e-03
 -2.72900156e-03  4.89251631e-03 -2.87631258e-03 -2.41700431e-03
 -2.13083356e-03 -3.56373691e-03 -2.62572488e-03 -3.81661823e-03
  7.01090677e-04 -3.53629921e-03 -1.69474549e-03  5.14422858e-03
 -6.40999508e-03 -1.63822120e-03 -4.70066082e-03  2.20555755e-03
  6.13542402e-03  9.27667490e-04 -3.29522427e-03 -2.69793590e-03
  3.84488924e-03 -3.97450488e-03 -1.80835474e-03  7.64617173e-03
 -6.77177326e-04 -9.29785857e-03 -8.46651492e-04 -5.05034031e-03
 -5.12203311e-04  2.47855986e-03 -3.53388569e-03 -3.79888049e-03]
Seg_f (Used for plotting block signal after bandpass filter and window have been applied): [-0.00000000e+00 -5.28150390e-08 -4.37597564e-07 -9.30478789e-07
  1.03048080e-06  6.70558398e-06  1.27654219e-05  1.39070196e-05
  7.19355583e-06 -3.78016235e-06 -9.56544241e-06 -1.55489746e-05
 -4.67155096e-05 -8.78208794e-05 -6.35193482e-05  5.36008860e-05
  1.70178846e-04  1.63654693e-04  2.18298067e-05 -1.31977119e-04
 -1.75672773e-04 -1.15516229e-04 -1.68911936e-05  9.85855698e-05
  2.02585532e-04  2.10535441e-04  7.55514418e-05 -1.17551694e-04
 -2.24291269e-04 -1.91668109e-04 -7.79686616e-05  3.11836864e-05
  4.27588983e-05 -5.74577867e-05 -9.35521927e-05  7.74419368e-05
  3.31702275e-04  4.51844583e-04  2.98358609e-04 -1.50668653e-04
 -6.31503899e-04 -6.87365670e-04 -2.32598880e-04  2.18955665e-04
  2.19253832e-04  6.11530803e-05  2.51613993e-04  6.30372707e-04
  7.02953202e-04  3.09027720e-04 -4.03659391e-04 -1.07108289e-03
 -1.23845480e-03 -7.00443856e-04  2.88541106e-04  1.09420161e-03
  1.15646763e-03  4.88120392e-04 -2.73270353e-04 -3.65835658e-04
  2.02470077e-04  3.71711662e-04 -6.10963989e-04 -1.75373002e-03
 -1.41680691e-03  4.16161367e-04  2.09682928e-03  2.13951704e-03
  5.36314367e-04 -1.35035726e-03 -1.97971702e-03 -9.13443828e-04
  6.86394916e-04  1.29373439e-03  9.09521532e-04  2.99595920e-04
 -6.54159007e-04 -1.75834848e-03 -1.58875091e-03  4.03505436e-04
  2.38782548e-03  2.21897660e-03  2.31420239e-04 -1.56266761e-03
 -2.03263667e-03 -1.30694211e-03  1.99288406e-05  1.24878236e-03
  1.86721898e-03  1.77887481e-03  9.81144375e-04 -7.38231553e-04
 -2.87236518e-03 -3.44404777e-03 -1.16203298e-03  1.82409738e-03
  2.31177572e-03  7.68915991e-04  7.38450231e-05  6.59782398e-04
  7.73998889e-04  2.38669165e-04 -1.96578762e-04 -1.19388436e-03
 -2.55301667e-03 -1.75705595e-03  1.81573922e-03  4.17494054e-03
  1.68722001e-03 -2.98745548e-03 -3.99152596e-03 -5.99854429e-04
  2.14766419e-03  1.42788324e-03  1.03950758e-04  6.58325116e-04
  9.64359030e-04 -9.90934422e-04 -2.66913430e-03 -8.34645150e-04
  2.98020361e-03  3.99730565e-03  4.43911226e-04 -3.57045571e-03
 -3.04679985e-03  6.91052620e-04  1.93022684e-03 -6.28188005e-04
 -2.76305663e-03 -1.84677473e-03  5.71180072e-04  2.45946367e-03
  3.07281761e-03  2.15992568e-03  2.06032733e-04 -1.58020991e-03
 -2.17756224e-03 -1.44689188e-03 -1.97468747e-04  8.75355117e-04
  1.55093341e-03  1.24194173e-03 -5.57637158e-04 -2.90013961e-03
 -3.40553022e-03 -6.43825562e-04  3.33754365e-03  4.48386914e-03
  1.60022673e-03 -1.84364384e-03 -2.08564320e-03  1.46068247e-04
  1.07479845e-03 -4.71865267e-04 -1.81447462e-03 -1.22598295e-03
 -4.66845246e-05  4.48178528e-04  7.38339940e-04  1.35873127e-03
  1.53475553e-03  3.45948501e-04 -1.34933472e-03 -1.70195530e-03
 -4.40660796e-04  9.23187755e-04  1.14232538e-03  3.41768378e-04
 -7.08300991e-04 -1.39244882e-03 -1.18295097e-03 -9.33252290e-05
  9.35341997e-04  1.21934116e-03  1.04290921e-03  7.58896767e-04
  2.69393543e-04 -4.54711918e-04 -9.99136516e-04 -9.05782269e-04
 -4.15547234e-04 -2.67894914e-04 -4.03488114e-04 -2.63220895e-05
  7.17348274e-04  8.66880639e-04  4.45908338e-04  2.73572331e-04
  2.85095498e-04 -2.45910565e-04 -1.04617304e-03 -1.02502937e-03
 -5.15118671e-05  7.99945316e-04  6.95454676e-04  1.86459423e-05
 -2.14057286e-04  2.02264212e-04  4.18470851e-04 -7.77721514e-05
 -6.86131296e-04 -6.56323983e-04 -1.11335241e-04  3.21814522e-04
  3.55107902e-04  1.47765382e-04  1.25900095e-05  1.03501608e-04
  1.84859331e-04  8.59486848e-06 -2.03933468e-04 -1.65907611e-04
 -2.02416842e-05 -1.38497775e-06 -5.27830237e-05 -2.56915064e-05
  6.48873414e-05  1.08236759e-04  5.88042939e-05 -2.25769989e-05
 -5.16616911e-05 -3.65216866e-05 -3.60119803e-05 -3.40387672e-05
  1.69374754e-05  7.94907493e-05  6.70968352e-05 -2.03235827e-05
 -7.88329709e-05 -4.49278270e-05  2.05460533e-05  3.88070898e-05
  1.66831907e-05 -3.34509229e-06 -9.19949479e-06 -6.51930750e-06
 -1.10205167e-06  1.36748226e-06  5.43422015e-07  0.00000000e+00]
block_index: 81
timestamp_ms: 615.0
lf: 941
hf: 1209
E_low: {697: np.float64(8.83581304120445e-05), 770: np.float64(0.0007722475249368039), 852: np.float64(0.00020137230488746348), 941: np.float64(0.003552266707215739)}
E_high: {1209: np.float64(0.006847302090979603), 1336: np.float64(0.0005460232638608114), 1477: np.float64(2.071738096778967e-05), 1633: np.float64(0.0012068815988768478)}
l_abs_db: -24.494944344689763
l2_db: -31.122434749436515
h_abs_db: -21.644805113978553
h2_db: -29.18335334274382
blk_db: -58.09221869525778
snr_low_db: 10.01511315317067
snr_high_db: 10.63779615785953
l_dom_db: 10.01511315317067
h_dom_db: 10.63779615785953
twist_db: -2.8501392307112106
sep_ok: True
abs_ok: True
twist_ok: True
dom_ok: True
snr_ok: True
good: True
symbol_detected: *
