=== First Detected DTMF Block Info ===

Seg (Used for plotting original block signal): [ 0.00551478  0.00357096  0.00163264 -0.00029442 -0.00211195 -0.00398212
 -0.0058725  -0.00733865 -0.00874045 -0.0095548  -0.00990482 -0.01071892
 -0.01141417 -0.01166396 -0.01238424 -0.01272843 -0.01254124 -0.01252026
 -0.01205355 -0.01123905 -0.0106009  -0.01010662 -0.00947916 -0.00826729
 -0.0070498  -0.00623003 -0.00570267 -0.00500725 -0.00353058 -0.00228801
 -0.00154479 -0.00083341 -0.00017777  0.00067311  0.00137481  0.00226617
  0.00323512  0.00418754  0.00551405  0.00629643  0.00744267  0.00888666
  0.00950924  0.01018022  0.01069329  0.01127493  0.01182826  0.01230305
  0.012989    0.01306942  0.01326064  0.01345387  0.01350844  0.01353849
  0.01293656  0.01210156  0.01145217  0.01053481  0.00887241  0.00747722
  0.00605416  0.00419352  0.00293784  0.00115093 -0.00077575 -0.00172903
 -0.00278182 -0.00392516 -0.00491647 -0.00588192 -0.00653966 -0.00687269
 -0.00692628 -0.00692791 -0.00726228 -0.0072287  -0.00686532 -0.00651753
 -0.00591542 -0.00492894 -0.00400026 -0.00335858 -0.00256767 -0.00196497
 -0.00152069 -0.00083733 -0.00068576 -0.00041314  0.00013045  0.00041748
  0.00119596  0.00249815  0.00384248  0.00516856  0.00603646  0.00675607
  0.00751084  0.00838828  0.00920332  0.00961687  0.01034639  0.01094857
  0.0112961   0.01177022  0.01226921  0.01293201  0.01352943  0.01343432
  0.01356309  0.01425609  0.01442324  0.0142358   0.01365637  0.01271024
  0.01157602  0.01013849  0.00845556  0.0066087   0.00472601  0.00337822
  0.00205149  0.00014501 -0.00163819 -0.002838   -0.00372109 -0.00491675
 -0.0064455  -0.0074348  -0.00794198 -0.00865401 -0.00935666 -0.00941947
 -0.00910388 -0.00928547 -0.00955455 -0.0092014  -0.00855561 -0.00794954
 -0.00741409 -0.00709764 -0.00660112 -0.00580933 -0.00544535 -0.00482496
 -0.00394612 -0.00333184 -0.00297067 -0.00262715 -0.0019951  -0.00109841
 -0.00017761  0.00063458  0.00150585  0.00215734  0.00269637  0.00339898
  0.00420484  0.00499668  0.00540256  0.00591176  0.00658605  0.00736419
  0.00793042  0.00865854  0.00954269  0.0098872   0.01019722  0.01035424
  0.01025367  0.00968675  0.00890182  0.00830802  0.00755616  0.00645711
  0.00489075  0.00360134  0.00191334 -0.0003141  -0.00192501 -0.00339393
 -0.00559581 -0.00740471 -0.00841282 -0.0095953  -0.01074351 -0.01201882
 -0.01321985 -0.01369789 -0.01389247 -0.01433515 -0.01464924 -0.01496686
 -0.01472089 -0.01421229 -0.01410392 -0.01357295 -0.01333043 -0.01270451
 -0.01184407 -0.01120604 -0.0102175  -0.00932456 -0.00884709 -0.00852489
 -0.00773133 -0.00693362 -0.00650387 -0.00596503 -0.00562297 -0.00515968
 -0.0041981  -0.00342597 -0.00267399 -0.00193152 -0.00085331  0.0005016
  0.00152611  0.00285181  0.00410683  0.00486743  0.00589257  0.00677624
  0.00744851  0.00817716  0.00876713  0.0092955   0.00955122  0.00958545
  0.00947405  0.00875758  0.00753232  0.00632716  0.00530844  0.00413268
  0.00245451  0.00059791 -0.00064963 -0.00232197 -0.00456472 -0.00616938]
Seg_f (Used for plotting block signal after bandpass filter and window have been applied): [ 0.00000000e+00  1.48124235e-07  9.60480534e-07  5.05743376e-07
 -6.28128253e-06 -1.64960799e-05 -1.39807564e-05  9.87519751e-06
  3.73750391e-05  4.31219344e-05  2.59627416e-05  5.85375858e-06
 -8.18287796e-06 -2.74737856e-05 -5.60443377e-05 -7.31313615e-05
 -5.67763169e-05 -1.25076079e-05  3.30055080e-05  5.97780788e-05
  6.73454212e-05  6.16098537e-05  4.02979660e-05  2.61395465e-06
 -3.38075731e-05 -4.60580478e-05 -3.83702295e-05 -3.85643828e-05
 -5.13774664e-05 -4.02268067e-05  1.78199944e-05  7.81799469e-05
  7.41864979e-05  1.14889470e-05 -3.21317547e-05 -9.16172418e-06
  3.98983184e-05  4.88526408e-05  9.94450767e-06 -3.15551431e-05
 -4.65765075e-05 -4.76833506e-05 -4.77574262e-05 -4.16935696e-05
 -3.12996044e-05 -2.03439699e-05  7.67848599e-06  6.53668237e-05
  1.24359087e-04  1.33548484e-04  7.11870863e-05 -3.06533973e-05
 -1.06869253e-04 -1.13265240e-04 -6.96977144e-05 -3.86476470e-05
 -4.95608066e-05 -5.37917912e-05  8.63487030e-06  1.03520157e-04
  1.39274557e-04  1.03145701e-04  6.62254677e-05  6.48860470e-05
  5.37844213e-05 -1.66640910e-05 -1.02127919e-04 -1.05398500e-04
 -3.60972651e-05 -1.80199693e-05 -9.70879454e-05 -1.56749821e-04
 -7.60183854e-05  1.00660358e-04  2.03301836e-04  1.25461555e-04
 -5.12574083e-05 -1.37556302e-04 -5.28150678e-05  8.69689064e-05
  1.30177721e-04  5.53316383e-05 -6.57403018e-05 -1.67780613e-04
 -2.07261605e-04 -1.56043199e-04 -2.56016056e-05  1.17965560e-04
  1.98661858e-04  2.08387097e-04  1.95994361e-04  1.84561126e-04
  1.57019604e-04  8.28568384e-05 -7.93557352e-05 -3.36621149e-04
 -5.78640013e-04 -6.02496319e-04 -2.99176345e-04  1.81525818e-04
  5.24809846e-04  5.53851686e-04  3.75664315e-04  1.85537230e-04
  4.44716643e-05 -7.94988157e-05 -1.77287995e-04 -2.19247003e-04
 -2.41947514e-04 -2.75305365e-04 -2.22114936e-04 -3.54760912e-06
  2.18622058e-04  2.02337344e-04 -2.02035585e-05 -1.58297082e-04
 -3.59663760e-05  2.06517001e-04  3.22952015e-04  2.61286315e-04
  1.72157415e-04  1.48762745e-04  6.88485513e-05 -1.90469514e-04
 -4.59511525e-04 -4.35554085e-04 -1.38920674e-04  6.89063826e-05
  7.33287503e-06 -7.02786238e-05  8.62851322e-05  3.17040246e-04
  3.29474811e-04  1.37440265e-04 -5.26617691e-05 -1.77791525e-04
 -2.66062682e-04 -2.44289987e-04 -6.40889569e-05  1.17231405e-04
  1.04146189e-04 -5.21421614e-05 -1.10128344e-04  2.39075576e-05
  1.82614535e-04  1.98218391e-04  9.46166182e-05 -2.74728114e-05
 -1.18631378e-04 -1.41876239e-04 -5.51037832e-05  9.53413879e-05
  1.62934169e-04  6.11489056e-05 -1.22094324e-04 -2.22792589e-04
 -1.65437865e-04 -4.98265506e-06  1.38851235e-04  1.68996006e-04
  8.64607333e-05 -3.79457188e-06 -7.49276870e-06  4.31466067e-05
  4.62824498e-05 -2.27838798e-05 -1.01716704e-04 -1.41828477e-04
 -1.36945293e-04 -9.13140359e-05 -2.07433364e-05  4.80923296e-05
  1.09948125e-04  1.70688854e-04  1.93136455e-04  1.21212059e-04
 -1.91043457e-05 -1.22570221e-04 -1.31499513e-04 -7.58334104e-05
 -3.57280792e-07  5.53522984e-05  5.77765192e-05  3.14551402e-05
  3.12892708e-05  4.08557289e-05 -6.20491221e-06 -9.96454565e-05
 -1.35198249e-04 -5.29752622e-05  6.38235388e-05  8.67995981e-05
  9.06057671e-06 -5.38473971e-05 -2.39149913e-05  4.34424866e-05
  5.08299175e-05 -7.02351608e-06 -5.13574583e-05 -3.19213391e-05
  1.75740182e-05  3.69013298e-05  1.39529293e-05 -2.00551138e-05
 -3.74864171e-05 -2.84002934e-05  3.20006544e-06  3.43991574e-05
  3.81299516e-05  1.46860613e-05 -7.73882943e-06 -6.90805999e-06
  8.70906754e-06  1.32312225e-05 -2.32191251e-06 -1.93149230e-05
 -1.82189732e-05 -4.12742130e-06  4.14565273e-06  3.06825106e-07
 -6.57576240e-06 -7.50699606e-06 -2.03180007e-06  4.47206691e-06
  7.31795781e-06  6.28155435e-06  3.72215273e-06  1.16816260e-06
 -1.04937429e-06 -2.52775679e-06 -2.89859125e-06 -2.36643038e-06
 -1.20573531e-06  3.12602785e-07  1.36342843e-06  1.24355460e-06
  4.62441635e-07 -2.16323244e-09 -3.00463836e-08 -0.00000000e+00]
block_index: 44
timestamp_ms: 337.5
lf: 770
hf: 1209
E_low: {697: 6.360820534529926e-06, 770: 5.868273404507516e-05, 852: 9.263887352892482e-06, 941: 4.4648403289041805e-07}
E_high: {1209: 2.5248141148900025e-05, 1336: 2.56079501738239e-06, 1477: 8.552481731515169e-07, 1633: 2.4429371293453458e-06}
l_abs_db: -42.314896604553944
l2_db: -50.33206734522796
h_abs_db: -45.97770590554916
h2_db: -55.9162518388323
blk_db: -77.24236607184267
snr_low_db: 10.39583425776879
snr_high_db: 11.115284025618571
l_dom_db: 10.39583425776879
h_dom_db: 11.115284025618571
twist_db: 3.662809300995214
sep_ok: True
abs_ok: True
twist_ok: True
dom_ok: True
snr_ok: True
good: True
symbol_detected: 4
